888064835327
888064835421
888064835423
888064835424
888064835426
888064835428
888064835429
888064835430
888064835431
888064835437
888064835440
888064835442
888064835443
888064835444
888064835445
888064835447
888064835449
888064835451
888064835452
888064835453
888064835454
888064835455
888064835457
888064835458
888064835459
888064835461
888064835463
888064835464
888064835465
888064835466
888064835467
888064835470
888064835510
888064835511
888064835513
888064835514
888064835516
888064835517
888064835519
888064835520
888064835521
888064835522
888064835523
888064835524
888064835526
888064835643
888064835644
888064835647
888064835648
888064835651
888064835652
888064835653
888064835654
888064835655
888064835656
888064835658
888064835660
888064835661
888064835662
888064835663
888064835666
888064835668
888064835669
888064835886
888064835887
888064835891
888064836060
888064836145
888064836147
888064836150
888064836151
888064836435
888064836436
888064836438
888064836479
888064836480
888064836483
888064836503
888064836504
888064836510
888064836512
888064836515
888064836516
888064836518
888064836520
888064836522
888064836523
888064836525
888064836526
888064836527
888064836528
888064836529
888064836532
888064836534
888064836536
888064836537
888064836538
888064836539
888064836540
888064836541
888064836542
888064836543
888064836544
888064836545
888064836546
888064836547
888064836548
888064836549
888064836552
888064836553
888064836556
888064836557
888064836559
888064836561
888064836562
888064836575
888064836576
888064836577
888064836578
888064836579
888064836584
888064836586
888064836589
888064836590
888064836591
888064836592
888064836594
888064836596
888064836598
888064836600
888064836601
888064836604
888064836606
888064836607
888064836612
888064836613
888064836614
888064836616
888064836617
888064836618
888064836625
888064836627
888064836629
888064836630
888064836631
888064836633
888064836636
888064836637
888064836638
888064836639
888064836641
888064836642
888064836645
888064836646
888064836647
888064836649
888064836650
888064836651
888064836653
888064836737
888064836738
888064836740
888064837121
888064837122
888064837123
888064837124
888064837125
888064837126
888064837127
888064837149
888064837150
888064837152
888064837153
888064837154
888064837157
888064837159
888064837161
888064837164
888064837165
888064837166
888064837167
888064837192
888064837193
888064837195
888064837197
888064837252
888064837253
888064837459
888064837460
888064837462
888064837463
888064837464
888064837502
888064837503
888064837505
888064837506
888064837508
888064837509
888064837515
888064837561
888064837567
888064837574
888064837604
888064837606
888064837615
888064837616
888064837622
888064837623
888064837624
888064837635
888064837647
888064837648
888064837649
888064837650
888064837728
888064837729
888064837733
888064837734
888064837736
888064837737
888064837738
888064837778
888064837779
888064837780
888064837824
888064837903
888064837912
888064837913
888064837914
888064837915
888064837917
888064837918
888064837920
888064837922
888064837925
888064837927
888064837928
888064837929
888064837930
888064837933
888064837934
888064837935
888064837936
888064837938
888064837939
888064837940
888064837942
888064837943
888064837945
888064837947
888064837948
888064847451
888064847452
888064863074
888064863076
888064863077
888064863080
888064863081
888064863082
888064863083
888064863084
888064863085
888064863086
888064863087
888064863088
888064863093
888064863095
888064863098
888064863099
888064863222
888064863223
888064863224
888064863225
888064863226
888064863227
888064863229
888064863230
888064863366
888064863367
888064863368
888064863369
888064863370
888064863387
888064863389
888064863390
888064863481
888064863484
888064863485
888064863488
888064863504
888064863505
888064863506
888064863507
888064863509
888064863510
888064863513
888064863514
888064863517
888064863520
888064863522
888064863526
888064863549
888064863551
888064863552
888064863553
888064863555
888064863557
888064863558
888064863561
888064863562
888064863637
888064863639
888064863642
888064863644
888064863645
888064863647
888064863649
888064863650
888064886627
888064886628
888064886655
888064886656
888064886658
888064886660
888064886661
888064886662
888064886663
888064886664
888064886665
888064886666
888064886667
888064886669
888064886672
888064886673
888064886675
888064886676
888064886680
888064886681
888064886682
888064886686
888064886687
888064886690
888064886691
888064886693
888064886694
888064886696
888064886697
888064886699
888064886700
888064886701
888064886702
888064886703
888064886704
888064886705
888064886707
888064886708
888064886709
888064886710
888064897453
888064897466
888064897467
888064897468
888064897469
888064897472
888064897473
888064897474
888064897475
888064897479
888064897480
888064897483
888064897484
888064952760
888064952761
888064952763
888064952764
888064952765
888064952767
888064952768
888064952771
888064952773
888064952774
888064952775
888064952776
888064952778
888065004129
888065004136
888065004137
888065004139
888065004140
888065004141
888065004142
888065004144
888065004146
888065004147
888065004148
888065004149
888065004150
888065004151
888065004152
888065004154
888065004157
888065004158
888065004159
888065004160
888065004162
888065037261
888065037262
888065037263
888065037265
888065037267
888065037268
888065037269
888065037496
888065037497
888065037498
888065037499
888065037677
888065037678
888065037683
888065037685
888065037686
888065037687
888065037689
888065037690
888065037692
888065037694
888065037695
888065037696
888065037697
888065037698
888065037831
888065037832
888065037862
888065037871
888065037872
888065037874
888065037876
888065037878
888065037879
888065037880
888065037882
888065037884
888065037885
888065037888
888065037891
888065037895
888065037897
888065037898
888065037900
888065037901
888065037904
888065037905
888065037912
888065037915
888065037921
888065037922
888065037923
888065037924
888065037925
888065037926
888065037927
888065037929
888065037930
888065037932
888065037935
888065037936
888065037937
888065037938
888065037939
888065037941
888065037942
888065037944
888065037961
888065037962
888065037963
888065037964
888065074584
888065074798
888065074799
888065074808
888065074819
888065085416
888065085453
888065085457
888065085458
888065085459
888065085461
888065085462
888065091069
888065091070
888065091072
888065091073
888065091074
888065091078
888065091079
888065091080
888065091081
888065091082
888065091084
888065091089
888065091090
888065091094
888065091095
888065091096
888065091098
888065091099
888065091212
888065091236
888065091237
888065091240
888065091243
888065091244
888065091245
888065091247
888065091258
888065091260
888065091262
888065091263
888065091272
888065091273
888065091275
888065091298
888065091300
888065091301
888065091302
888065091313
888065091317
888065091321
888065091325
888065091333
888065091341
888065091343
888065091370
888065091371
888065091372
888065091373
888065091374
888065091375
888065091376
888065091377
888065091379
888065091380
888065091382
888065091383
888065091384
888065091387
888065091388
888065091390
888065091392
888065091394
888065091395
888065091397
888065091399
888065091400
888065091401
888065091402
888065091403
888065091404
888065091408
888065091501
888065091503
888065091504
888065091508
888065091509
888065091511
888065091512
888065091513
888065091530
888065091533
888065091534
888065091535
888065091537
888065091538
888065091540
888065091541
888065091542
888065091544
888065091545
888065091548
888065091549
888065091551
888065091552
888065091554
888065091556
888065091557
888065091561
888065091562
888065091563
888065091564
888065091566
888065091567
888065091568
888065091571
888065091572
888065091573
888065091574
888065091575
888065091576
888065091579
888065091582
888065091583
888065091584
888065091585
888065091586
888065091587
888065091588
888065091602
888065091603
888065091604
888065091608
888065091610
888065091611
888065091613
888065091615
888065091617
888065091618
888065091623
888065091624
888065091625
888065091626
888065091627
888065091629
888065091630
888065091631
888065091632
888065091633
888065091634
888065091635
888065091640
888065091641
888065091672
888065100348
888065100349
888065100352
888065100354
888065100355
888065100357
888065100364
888065100368
888065100369
888065100370
888065100380
888065100381
888065100382
888065100386
888065100509
888065100558
888065100559
888065100562
888065100563
888065100567
888065100568
888065100569
888065100570
888065100581
888065100582
888065100584
888065100593
888065100596
888065100597
888065100604
888065100670
888065100673
888065100675
888065100676
888065100762
888065100888
888065100894
888065100895
888065100896
888065100897
888065100898
888065100900
888065100938
888065100943
888065100944
888065100949
888065100950
888065100951
888065101754
888065101755
888065101756
888065101759
888065101760
888065101761
888065101765
888065101781
888065101782
888065101783
888065101784
888065101785
888065101787
888065116095
888065116097
888065116098
888065116099
888065116100
888065116164
888065116165
888065116168
888065116169
888065116171
888065116172
888065116175
888065116176
888065116177
888065116178
888065116180
888065116182
888065116184
888065116185
888065116186
888065116187
888065116189
888065116190
888065116193
888065116197
888065116198
888065116200
888065116215
888065116219
888065116225
888065116228
888065116231
888065116232
888065116233
888065116234
888065116235
888065116236
888065116237
888065116238
888065116239
888065116240
888065116242
888065116375
888065116377
888065116378
888065116386
888065116388
888065116389
888065116392
888065116393
888065116394
888065116396
888065116397
888065170792
888065170794
888065170796
888065170800
888065170801
888065170802
888065170803
888065170804
888065170805
888065170808
888065170810
888065170811
888065170812
888065170813
888065170814
888065170815
888065170816
888065170818
888065170819
888065170820
888065170821
888065170822
888065170823
888065170824
888065170825
888065170826
888065170827
888065170830
888065170831
888065170832
888065170835
888065170836
888065170837
888065170838
888065170839
888065170841
888065170843
888065170845
888065170848
888065170851
888065170854
888065170856
888065170857
888065176810
888065176812
888065176816
888065176819
888065176820
888065176825
888065176828
888065176829
888065176831
888065176832
888065176834
888065176836
888065176837
888065176838
888065176840
888065176842
888065176845
888065176846
888065176848
888065176849
888065176850
888065176852
888065176855
888065176857
888065176858
888065176860
888065176861
888065176862
888065176864
888065176890
888065176892
888065176893
888065176895
888065176896
888065176897
888065176898
888065176899
888065176900
888065176901
888065176902
888065176908
888065200490
888065200494
888065213181
888065214349
888065214350
888065214353
888065214354
888065214860
888065214901
888065214904
888065214905
888065214906
888065214923
888065214932
888065214933
888065214934
888065214935
888065214990
888065215517
888065215522
888065215523
888065215525
888065215527
888065215530
888065215533
888065215534
888065215535
888065215537
888065215538
888065215539
888065215540
888065215542
888065215543
888065215544
888065215545
888065215548
888065215549
888065215550
888065215551
888065215552
888065215737
888065215899
888065215900
888065215901
888065215902
888065215903
888065215906
888065215908
888065215910
888065215911
888065215912
888065215914
888065215915
888065215918
888065215919
888065215920
888065215923
888065215924
888065215925
888065215928
888065215930
888065215932
888065215933
888065215934
888065215936
888065215937
888065215938
888065215939
888065215941
888065215942
888065215945
888065215946
888065215947
888065215949
888065215950
888065215952
888065215953
888065215958
888065215963
888065215964
888065215965
888065215966
888065215967
888065215968
888065215972
888065215975
888065215976
888065215977
888065215978
888065215980
888065215981
888065215984
888065215985
888065215986
888065215987
888065215988
888065215990
888065215992
888065215993
888065215994
888065215995
888065215996
888065215998
888065215999
888065216000
888065221015
888065243925
888065243926
888065243929
888065243930
888065243996
888065243997
888065243998
888065243999
888065244000
888065249279
888065251933
888065254836
888065268573
888065268611
888065268612
888065268613
888065268614
888065268615
888065268616
888065268617
888065268618
888065268619
888065268620
888065268621
888065268622
888065268623
888065268624
888065268625
888065268626
888065268627
888065268629
888065268630
888065268631
888065268632
888065268645
888065268646
888065268647
888065268648
888065268650
888065268651
888065268652
888065271449
888065271450
888065271451
888065271455
888065293138
888065293142
888065293149
888065293150
888065293152
888065293153
888065293154
888065293155
888065293158
888065293162
888065293163
888065293164
888065293165
888065293167
888065293168
888065293169
888065293170
888065293171
888065293172
888065293173
888065293176
888065293177
888065293179
888065293180
888065293181
888065293182
888065293183
888065293185
888065293186
888065293187
888065293190
888065293191
888065293192
888065293193
888065293194
888065293198
888065293199
888065293203
888065293205
888065293206
888065293207
888065293209
888065293215
888065293216
888065293219
888065293220
888065293221
888065293223
888065293225
888065293226
888065293228
888065293229
888065293230
888065293231
888065293232
888065293234
888065293235
888065293236
888065293237
888065293238
888065293239
888065293250
888065293251
888065293252
888065293253
888065293254
888065293256
888065293258
888065293259
888065293260
888065293261
888065293262
888065293263
888065293264
888065293265
888065293266
888065293267
888065293268
888065293269
888065293270
888064835421
888064835423
888064835424
888064835426
888064835428
888064835430
888064835431
888064835437
888064835440
888064835442
888064835443
888064835444
888064835445
888064835447
888064835449
888064835451
888064835452
888064835453
888064835454
888064835455
888064835457
888064835458
888064835459
888064835461
888064835463
888064835464
888064835465
888064835466
888064835467
888064835470
888064835510
888064835511
888064835513
888064835514
888064835516
888064835517
888064835519
888064835520
888064835521
888064835522
888064835523
888064835524
888064835526
888064835643
888064835644
888064835647
888064835648
888064835651
888064835652
888064835653
888064835654
888064835655
888064835656
888064835658
888064835660
888064835661
888064835662
888064835666
888064835668
888064835669
888064835886
888064835887
888064835891
888064836060
888064836143
888064836145
888064836147
888064836150
888064836151
888064836435
888064836436
888064836438
888064836479
888064836480
888064836483
888064836503
888064836504
888064836510
888064836512
888064836515
888064836516
888064836518
888064836520
888064836522
888064836523
888064836525
888064836526
888064836527
888064836528
888064836529
888064836532
888064836534
888064836536
888064836537
888064836538
888064836539
888064836540
888064836541
888064836542
888064836543
888064836544
888064836545
888064836546
888064836547
888064836548
888064836549
888064836552
888064836553
888064836556
888064836557
888064836559
888064836561
888064836562
888064836574
888064836575
888064836576
888064836577
888064836578
888064836579
888064836584
888064836589
888064836590
888064836591
888064836592
888064836594
888064836595
888064836596
888064836598
888064836600
888064836601
888064836604
888064836606
888064836607
888064836612
888064836613
888064836614
888064836616
888064836617
888064836618
888064836627
888064836629
888064836630
888064836631
888064836633
888064836636
888064836637
888064836638
888064836639
888064836642
888064836645
888064836646
888064836647
888064836649
888064836650
888064836651
888064836653
888064836737
888064836738
888064836740
888064837121
888064837122
888064837123
888064837124
888064837125
888064837126
888064837127
888064837149
888064837150
888064837152
888064837153
888064837154
888064837157
888064837159
888064837161
888064837164
888064837165
888064837166
888064837167
888064837192
888064837193
888064837195
888064837197
888064837252
888064837253
888064837459
888064837460
888064837462
888064837463
888064837464
888064837502
888064837503
888064837505
888064837506
888064837508
888064837509
888064837515
888064837561
888064837567
888064837574
888064837604
888064837606
888064837615
888064837616
888064837622
888064837623
888064837624
888064837635
888064837647
888064837648
888064837649
888064837650
888064837728
888064837733
888064837734
888064837735
888064837922
888064837925
888064837927
888064837928
888064837930
888064837933
888064837934
888064837935
888064837936
888064837938
888064837939
888064837942
888064837943
888064837945
888064837947
888064837948
888064847451
888064847452
888064863074
888064863076
888064863077
888064863080
888064863081
888064863082
888064863085
888064863086
888064863087
888064863088
888064863093
888064863094
888064863095
888064863098
888064863099
888064863222
888064863224
888064863225
888064863226
888064863227
888064863229
888064863230
888064863366
888064863367
888064863368
888064863369
888064863370
888064863387
888064863389
888064863390
888064863481
888064863484
888064863485
888064863488
888064863504
888064863505
888064863506
888064863507
888064863509
888064863510
888064863513
888064863517
888064863520
888064863522
888064863526
888064863551
888064863552
888064863555
888064863561
888064863562
888064863637
888064863639
888064863642
888064863644
888064863645
888064863647
888064886627
888064886628
888064886655
888064886656
888064886658
888064886660
888064886661
888064886662
888064886663
888064886665
888064886666
888064886667
888064886669
888064886672
888064886673
888064886675
888064886676
888064886677
888064886679
888064886680
888064886681
888064886682
888064886686
888064886687
888064886691
888064886693
888064886694
888064886696
888064886697
888064886699
888064886700
888064886701
888064886702
888064886703
888064886704
888064886705
888064886707
888064886708
888064886709
888064886710
888064897453
888064897466
888064897467
888064897468
888064897469
888064897472
888064897473
888064897474
888064897475
888064897479
888064897480
888065037832
888065037862
888065037871
888065037872
888065037874
888065037878
888065037880
888065037882
888065037884
888065037885
888065037888
888065037891
888065037895
888065037897
888065037898
888065037901
888065037904
888065037905
888065037912
888065037915
888065037921
888065037923
888065037924
888065037925
888065037926
888065037927
888065037929
888065037930
888065037932
888065037936
888065037938
888065037939
888065037942
888065037944
888065037961
888065037962
888065037963
888065037964
888065074584
888065074798
888065074799
888065074808
888065074819
888065085416
888065085453
888065085457
888065085458
888065085459
888065085461
888065085462
888065091069
888065091070
888065091072
888065091073
888065091074
888065091078
888065091079
888065091080
888065091081
888065091082
888065091084
888065091089
888065091090
888065091094
888065091095
888065091096
888065091098
888065091099
888065091212
888065091236
888065091237
888065091240
888065091243
888065091244
888065091245
888065091247
888065091258
888065091260
888065091263
888065091272
888065091273
888065091275
888065091298
888065091300
888065091301
888065091302
888065091313
888065091317
888065091321
888065091325
888065091333
888065091341
888065091343
888065091370
888065091371
888065091372
888065091373
888065091374
888065091375
888065091376
888065091377
888065091379
888065091380
888065091382
888065091383
888065091387
888065091388
888065091390
888065091392
888065091394
888065091395
888065091397
888065091399
888065091400
888065091401
888065091402
888065091403
888065091404
888065091408
888065091501
888065091503
888065091504
888065091508
888065091509
888065091511
888065091513
888065091530
888065091533
888065091534
888065091535
888065091537
888065091538
888065091540
888065091541
888065091542
888065091545
888065091548
888065091549
888065091551
888065091552
888065091554
888065091556
888065091557
888065091562
888065091563
888065091564
888065091566
888065091567
888065091568
888065091571
888065091572
888065091573
888065091574
888065091575
888065091576
888065091579
888065091582
888065091583
888065091584
888065091585
888065091586
888065091587
888065091588
888065091602
888065091603
888065091604
888065091608
888065091610
888065091611
888065091613
888065091615
888065091617
888065091618
888065091623
888065091624
888065091625
888065091626
888065091627
888065091629
888065091630
888065091631
888065091632
888065091633
888065091634
888065091635
888065091640
888065091641
888065091672
888065100348
888065100349
888065100354
888065100355
888065100357
888065100364
888065100368
888065100369
888065100370
888065100380
888065100381
888065100382
888065100386
888065100509
888065100558
888065100559
888065100562
888065100563
888065100567
888065100568
888065100569
888065100570
888065100581
888065100582
888065100584
888065100593
888065100597
888065100604
888065100670
888065100673
888065100675
888065100676
888065100762
888065100888
888065100894
888065100895
888065100896
888065100898
888065100900
888065100943
888065100944
888065100949
888065100950
888065100951
888065101754
888065101755
888065101756
888065101759
888065101760
888065101761
888065101765
888065101781
888065101782
888065101783
888065101784
888065101785
888065101787
888065116095
888065116097
888065116098
888065116099
888065116100
888065116164
888065116165
888065116168
888065116171
888065116172
888065116175
888065116176
888065116177
888065116178
888065116180
888065116182
888065116184
888065116185
888065116186
888065116187
888065116189
888065116190
888065116193
888065116197
888065116198
888065116200
888065116215
888065116219
888065116225
888065116228
888065116231
888065116232
888065116234
888065116235
888065116236
888065116237
888065116238
888065116239
888065116240
888065116242
888065116377
888065116378
888065116386
888065116388
888065116392
888065116393
888065116394
888065116396
888065116397
888065170792
888065170794
888065170796
888065170800
888065170801
888065170802
888065170803
888065170804
888065170805
888065170808
888065170810
888065170811
888065170812
888065170813
888065170814
888065170816
888065170818
888065170819
888065170821
888065170822
888065170823
888065170824
888065170825
888065170827
888065170830
888065170831
888065170832
888065170835
888065170836
888065170837
888065170838
888065170839
888065170843
888065170845
888065170848
888065170851
888065170854
888065170856
888065170857
888065176810
888065176816
888065176819
888065176820
888065176825
888065176828
888065176829
888065176831
888065176832
888065176834
888065176836
888065176838
888065176840
888065176842
888065176843
888065176845
888065176846
888065176848
888065176849
888065176850
888065176852
888065176855
888065176857
888065176858
888065176860
888065176861
888065176862
888065176864
888065176890
888065176892
888065176893
888065176895
888065176896
888065176897
888065176898
888065176899
888065176900
888065176901
888065176902
888065176908
888065200490
888065200494
888065213181
888065214349
888065214350
888065214353
888065214354
888065214860
888065214904
888065214905
888065214906
888065214923
888065214932
888065214934
888065214935
888065214990
888065215517
888065215521
888065215522
888065215523
888065215525
888065215527
888065215530
888065215533
888065215534
888065215535
888065215537
888065215538
888065215540
888065215543
888065215544
888065215548
888065215549
888065215550
888065215551
888065215552
888065215737
888065215899
888065215900
888065215901
888065215902
888065215903
888065215906
888065215908
888065215910
888065215911
888065215912
888065215914
888065215915
888065215918
888065215919
888065215920
888065215923
888065215924
888065215925
888065215928
888065215930
888065215932
888065215933
888065215934
888065215936
888065215939
888065215941
888065215942
888065215945
888065215946
888065215947
888065215949
888065215950
888065215953
888065215958
888065215963
888065215964
888065215965
888065215966
888065215967
888065215968
888065215970
888065215972
888065215975
888065215976
888065215977
888065215978
888065215980
888065215984
888065215985
888065215986
888065215987
888065215988
888065215990
888065215992
888065215993
888065215994
888065215995
888065215996
888065215998
888065215999
888065216000
888065221015
888065243925
888065243926
888065243996
888065243997
888065243998
888065243999
888065244000
888065249279
888065251933
888065254836
888065268573
888065268611
888065268612
888065268613
888065268614
888065268615
888065268616
888065268617
888065268618
888065268619
888065268620
888065268621
888065268622
888065268623
888065268625
888065268626
888065268627
888065268630
888065268631
888065268632
888065268646
888065268647
888065268648
888065268650
888065268651
888065271449
888065271450
888065271451
888065271455
888065293138
888065293142
888065293149
888065293150
888065293152
888065293153
888065293154
888065293155
888065293158
888065293162
888065293165
888065293167
888065293168
888065293169
888065293171
888065293172
888065293173
888065293176
888065293177
888065293179
888065293180
888065293181
888065293182
888065293183
888065293185
888065293186
888065293187
888065293190
888065293191
888065293192
888065293193
888065293194
888065293198
888065293199
888065293203
888065293205
888065293207
888065293209
888065293215
888065293216
888065293219
888065293220
888065293221
888065293223
888065293225
888065293226
888065293228
888065293229
888065293230
888065293231
888065293232
888065293234
888065293235
888065293236
888065293238
888065293239
888065293250
888065293252
888065293253
888065293254
888065293256
888065293258
888065293259
888065293261
888065293262
888065293263
888065293264
888065293265
888065293266
888065293267
888065293268
888065293269
888065293270